1
2
3
4
5
6
7
8
9
10
11
12
13
14
15
17
18
19
20
21
22
24
25
26
27
28
29
30
31
32
34
35
36
37
38
40
41
42
43
44
45
46
47
48
49
50
51
52
53
54
55
56
57
58
59
60
61
62
63
64
65
66
67
68
69
70
71
72
73
74
75
76
77
78
79
80
81
82
83
84
85
86
87
88
89
90
91
92
93
94
95
96
97
98
99
100
101
103
104
105
106
107
108
109
110
111
112
113
114
115
116
117
118
119
120
121
122
123
124
125
126
127
128
129
130
131
132
133
134
135
136
137
138
141
142
143
144
145
146
147
148
149
150
151
152
153
154
155
156
157
158
159
160
161
162
163
164
165
166
167
168
169
170
171
172
173
174
175
176
177
178
179
180
181
182
183
184
185
186
187
188
189
190
191
192
193
194
195
196
197
198
199
200
201
202
203
204
205
206
207
208
209
210
211
212
213
214
215
216
217
218
219
220
221
222
223
224
225
226
227
228
229
230
231
232
233
234
235
236
237
238
239
240
241
242
244
245
246
247
248
249
250
251
252
253
254
255
256
257
258
260
261
262
263
264
265
267
269
270
271
272
274
275
276
277
278
279
280
281
282
283
284
285
286
287
288
289
290
291
292
293
294
295
296
297
298
299
301
302
304
306
307
308
309
310
311
312
313
314
315
316
317
318
319
320
321
322
323
324
325
326
327
328
329
330
331
332
333
334
335
336
337
338
339
340
341
342
343
344
345
346
347
348
349
350
351
352
353
354
355
356
357
358
359
360
361
362
363
364
365
366
367
368
369
370
371
372
373
374
376
377
378
379
380
381
382
383
384
385
386
387
388
389
390
391
392
393
394
395
396
397
398
399
400
402
403
404
405
406
407
408
411
412
413
414
415
416
417
418
420
421
422
423
424
425
426
427
428
429
430
431
432
433
434
435
436
437
438
439
440
441
442
443
444
445
446
447
449
450
451
452
453
455
457
458
459
460
461
462
463
464
465
466
467
468
469
470
471
472
473
474
475
476
477
478
479
480
481
482
483
484
485
486
487
488
489
490
491
492
493
494
495
496
497
498
499
500
501
502
503
504
505
506
507
508
509
510
511
512
513
514
515
516
517
518
519
520
521
522
523
524
525
526
527
528
529
530
531
532
533
535
536
537
538
539
540
541
542
543
544
545
546
547
548
549
550
551
552
553
554
555
556
557
559
560
561
562
563
565
566
567
568
569
570
571
572
573
574
575
577
578
579
580
581
582
583
585
586
587
589
590
591
592
593
594
595
596
598
599
600
601
602
603
604
605
606
607
608
609
610
611
612
613
615
616
617
618
619
620
621
622
623
624
625
626
627
628
629
630
631
632
633
635
636
637
638
639
640
641
643
644
645
646
647
648
649
650
651
652
653
654
656
657
658
659
660
661
662
663
664
665
666
667
668
669
670
671
672
673
674
675
676
677
678
679
680
681
682
683
684
685
686
687
688
689
690
691
692
693
694
695
696
697
698
699
700
702
703
704
705
706
707
708
709
710
711
712
713
714
715
716
717
718
719
720
721
722
723
724
725
726
727
728
729
730
731
732
733
734
735
736
737
739
740
742
743
744
745
746
747
748
749
750
751
752
753
754
755
756
757
758
759
760
761
762
764
766
768
769
770
771
772
773
774
775
776
777
778
779
780
781
782
783
784
785
787
788
789
790
791
792
793
794
795
796
797
798
799
800
801
802
803
804
806
807
808
809
810
811
812
813
814
815
816
817
818
819
820
822
823
824
825
826
827
828
829
830
831
832
833
834
835
836
837
838
839
840
841
842
843
844
845
846
847
848
849
850
851
852
853
854
855
856
858
859
860
861
862
863
864
865
866
867
868
869
870
871
872
873
874
875
876
877
878
879
880
881
882
883
884
885
886
887
888
889
890
891
892
893
894
895
896
897
898
899
900
901
902
903
904
905
906
907
908
909
910
911
912
913
914
916
917
918
919
921
922
923
924
925
926
927
928
929
930
931
932
933
934
936
937
939
940
941
942
943
944
945
947
948
949
950
951
952
953
954
955
956
957
958
959
960
961
962
963
964
965
966
967
968
969
970
971
972
973
974
975
976
977
978
979
980
981
982
983
984
985
986
987
988
989
990
991
992
993
994
995
996
997
998
999
1000
1001
1002
1003
1004
1005
1006
1007
1008
1009
1010
1011
1012
1013
1014
1015
1016
1017
1018
1019
1020
1021
1022
1023
1024
1025
1026
1027
1028
1029
1030
1031
1032
1033
1034
1035
1036
1037
1038
1039
1040
1041
1042
1043
1044
1045
1046
1047
1048
1049
1050
1051
1052
1053
1054
1056
1058
1059
1060
1061
1062
1063
1064
1065
1066
1067
1068
1069
1070
1071
1072
1073
1074
1075
1076
1077
1078
1079
1080
1081
1082
1083
1084
1085
1086
1087
1088
1089
1090
1091
1092
1093
1094
1095
1097
1098
1099
1100
1101
1102
1103
1105
1106
1107
1109
1110
1111
1112
1113
1114
1115
1116
1117
1119
1120
1121
1122
1123
1124
1125
1126
1127
1129
1130
1131
1132
1133
1134
1135
1136
1137
1138
1139
1140
1141
1142
1143
1145
1146
1148
1149
1150
1151
1152
1154
1155
1156
1157
1158
1159
1160
1161
1162
1163
1164
1165
1166
1167
1168
1169
1171
1172
1173
1174
1175
1176
1177
1178
1179
1180
1181
1182
1183
1184
1186
1193
1197
1213
1221
1223
1225
1231
1242
1245
1246
1264
1265
1293
1294
1297
1327
1329
1336
1337
1400
1406
1408
1414
1416
1428
1450
1463
1467
1501
1511
1518
1519
1525
1528
1535
1536
1540
1548
1552
1553
1555
1586
1587
1599
1613
1624
1625
1640
1643
1658
1664
1674
1685
1687
1689
1690
1696
1702
1715
1720
1725
1735
1751
1755
1757
1760
1762
1764
1767
1775
1780
1783
1786
1791
1792
1799
1800
1802
1806
1817
1819
1820
1838
1850
1863
1876
1899
1912
1914
1920
1933
1935
1938
1940
1944
1946
1970
1976
1978
1997
2001
2006
2010
2020
2028
2040
2041
2045
2055
2056
2058
2061
2070
2080
2085
2117
2127
2136
2143
2152
2154
2155
2158
2160
2166
2168
2178
2181
2208
2216
2226
2231
2244
2245
2256
2259
2264
2266
2272
2274
2282
2365
2369
2399
2402
2405
2408
2410
2423
2428
2436
2473
2503
2518
2563
2608
2617
2636
2639
2644
2652
2701
2771
2838
2853
2942
2948
2953
2955
2959
2971
2975
2985
2988
3002
3007
3008
3022
3029
3096
3100
3106
3107
3111
3114
3118
3124
3129
3131
3137
3142
3144
3149
3156
3168
3170
3182
3222
3243
3260
3264
3269
3326
3334
3337
3345
3346
3350
3352
3355
3374
3377
3380
3406
3472
3475
3518
3546
3549
3558
3561
3569
3573
3578
3593
3595
3625
3633
3639
3646
3654
3661
3676
3677
3679
3680
3685
3691
3717
3720
3739
3741
3759
3761
3765
3767
3773
3774
3783
3785
3786
3787
3788
3789
3790
3792
3793
3798
3799
3800
3801
3803
3811
3815
3816
3817
3822
3825
3826
3830
3832
3834
3835
3836
3842
3843
3851
3854
3858
3859
3862
3889
3898
3950
3984
3986
3999
4002
4003
4005
4008
4011
4013
4015
4018
4028
4045
4080
4083
4146
4150
4158
4192
4197
4228
4237
4239
4311
4317
4323
4327
4329
4334
4335
4348
4360
4374
4375
4377
4378
4380
4398
4402
4408
4411
4421
4427
4444
4448
4452
4453
4456
4457
4463
4466
4492
4514
4521
4550
4561
4591
4596
4598
4601
4602
4605
4620
4631
4635
4638
4640
4645
4646
4651
4655
4658
4663
4667
4669
4677
4688
4692
4695
4697
4699
4701
4704
4714
4718
4719
4722
4726
4729
4731
4740
4749
4757
4761
4773
4787
4790
4795
4828
4836
4839
4841
4842
4845
4855
4865
4870
4876
4878
4883
4891
4899
4915
4916
4917
4920
4931
4935
4936
4937
4943
4945
4955
4959
4963
4967
4969
4973
4974
4976
4979
4980
4981
4984
4986
4995
5023
5063
5070
5092
5099
5125
5126
5130
5135
5138
5143
5175
5177
5183
5207
5209
5214
5220
5227
5255
5273
5279
5283
5286
5298
5311
5316
5325
5331
5345
5362
5389
5391
5395
5400
5403
5419
5427
5432
5463
5477
5482
5502
5518
5535
5562
5582
5587
5594
5600
5605
5606
5609
5612
5614
5616
5617
5620
5621
5622
5626
5634
5638
5654
5660
5662
5663
5666
5668
5669
5670
5677
5681
5688
5696
5701
5703
5716
5730
5745
5758
5765
5771
5776
5785
5789
5791
5792
5794
5799
5800
5801
5807
5817
5822
5827
5829
5830
5835
5842
5843
5844
5847
5850
5855
5858
5861
5862
5866
5876
5880
5881
5892
5920
5924
5991
6002
6017
6038
6139
6144
6164
6242
6286
6344
6350
6366
6375
6380
6381
6394
6411
6470
6492
6498
6697
6744
6783
6784
6799
6809
6817
6818
6824
6837
6841
6934
6936
6973
6974
6976
6977
6979
6991
6992
7015
7023
7030
7055
7063
7065
7066
7074
7080
7082
7094
7096
7100
7109
7116
7132
7165
7171
7174
7196
7197
7202
7208
7210
7213
7218
7222
7234
7242
7246
7275
7296
7300
7303
7305
7306
7308
7314
7315
7319
7320
7321
7327
7330
7331
7332
7335
7339
7345
7359
7372
7428
7437
7456
7497
7505
7512
7521
7522
7526
7531
7534
7545
7546
7549
7553
7556
7565
7578
7580
7581
7585
7589
7592
7657
7667
7672
7712
7714
7715
7721
7734
7744
7777
7785
7787
7791
7804
7817
7818
7819
7832
7840
7848
7899
7906
7941
7945
7952
7954
7960
7963
7966
7995
8001
8002
8215
8225
8245
8269
8277
8282
8289
8322
8339
8470
8489
8491
8546
8555
8574
8617
8646
8655
8673
8676
8682
8692
8693
8716
8729
8733
8745
8754
8761
8780
8787
8790
8801
8802
8805
8821
8823
8827
8834
8835
8839
8848
8852
8858
8876
8882
8888
8892
8899
8900
8901
8902
8904
8909
8912
8916
8928
8929
8945
8969
8970
9061
9078
9114
9134
9154
9165
9209
9238
9271
9273
9276
9281
9283
9287
9289
9302
9317
9332
9346
9348
9354
9361
9363
9371
9379
9382
9392
9396
9399
9406
9417
9419
9420
9429
9430
9438
9444
9450
9452
9459
9461
9515
9542
9564
9568
9596
9601
9603
9607
9613
9614
9621
9624
9643
9649
9655
9669
9696
9806
9852
9853
9947
9951
9952
9954
9957
9959
9965
9966
9969
9973
10040
10041
10115
10126
10242
10307
10344
10345
10381
10405
10408
10410
10414
10421
10422
10423
10426
10428
10434
10436
10437
10438
10442
10443
10456
10467
10478
10480
10484
10486
10494
10521
10536
10545
10563
10567
10573
10580
10589
10622
10653
10662
10670
10684
10699
10704
10723
10731
10735
10739
10747
10765
10773
10790
10793
10795
10803
10805
10807
10810
10813
10824
10830
10832
10833
10835
10838
10840
10864
10867
10877
10878
10881
10889
10896
10899
10902
10908
10918
10919
10934
10940
10949
10953
10961
11010
11016
11030
11041
11048
11052
11057
11058
11059
11067
11086
11092
11098
11100
11129
11140
11153
11155
11164
11179
11183
11196
11204
11208
11216
11269
11315
11332
11337
11390
11418
11419
11421
11428
11432
11467
11470
11491
11531
11542
11551
11553
11556
11566
11567
11568
11582
11588
11596
11602
11618
11620
11636
11639
11645
11647
11651
11678
11680
11698
11703
11708
11732
11742
11781
11795
11799
11826
11832
11836
11840
11842
11843
11847
11848
11854
11861
11894
11901
11902
11933
12050
12084
12177
12202
12314
12330
12359
12365
12370
12386
12389
12391
12398
12408
12418
12435
12472
12534
12554
12567
12573
12580
12583
12609
12612
12619
12652
12658
12673
12677
12678
12690
12692
12693
12698
12701
12709
12723
12738
12772
12777
12784
12786
12800
12814
12864
12874
12876
12885
12892
12899
12902
12910
12911
12912
12942
12964
12972
12981
13017
13021
13159
13161
13170
13176
13180
13205
13276
13303
13307
13318
13340
13351
13366
13368
13370
13371
13375
13378
13379
13386
13387
13389
13390
13391
13392
13397
13403
13407
13409
13411
13418
13441
13452
13457
13460
13463
13472
13492
13511
13517
13533
13538
13550
13555
13561
13565
13568
13573
13579
13585
13586
13587
13590
13594
13595
13597
13606
13608
13680
13683
13696
13702
13703
13704
13706
13709
13710
13772
13800
13852
13921
13926
13978
13996
14014
14016
14017
14057
14071
14072
14082
14086
14099
14105
14114
14127
14132
14144
14147
14148
14257
14260
14325
14333
14404
14431
14433
14434
14438
14443
14455
14457
14466
14476
14536
14540
14610
14615
14658
14663
14677
14712
14722
14726
14749
14752
14780
14797
14803
14808
14813
14815
14818
14825
14826
14829
14836
14839
14840
14843
14844
14846
14848
14855
14857
14858
14885
14895
14897
14901
14902
14903
14910
14913
14914
14932
14933
14934
14938
14968
14972
14975
14984
14987
14990
15001
15004
15018
15028
15079
15082
15090
15110
15118
15124
15127
15128
15140
15153
15168
15191
15212
15253
15256
15311
15315
15318
15319
15337
15355
15367
15372
15378
15417
15440
15490
15491
15492
15494
15496
15501
15502
15512
15525
15538
15558
15571
15597
15602
15607
15608
15620
15643
15670
15682
15683
15726
15730
15733
15743
15826
15839
15858
15872
15876
15882
15959
15962
15988
15999
16073
16077
16079
16087
16098
16117
16131
16136
16147
16150
16219
16221
16225
16234
16235
16241
16264
16266
16276
16330
16378
16411
16415
16438
16445
16447
16450
16454
16464
16471
16484
16492
16504
16536
16549
16550
16554
16555
16557
16559
16581
16592
16594
16603
16616
16623
16633
16646
16650
16656
16695
16701
16707
16772
16780
16784
16786
16799
16804
16809
16813
16816
16825
16831
16834
16849
16850
16853
16859
16860
16882
16885
16892
16896
16911
16939
16945
16965
16968
16971
16979
16984
16990
17003
17004
17005
17006
17019
17021
17024
17027
17033
17035
17036
17041
17047
17057
17063
17067
17068
17074
17091
17095
17101
17103
17105
17111
17114
17116
17120
17157
17160
17169
17196
17217
17232
17233
17240
17247
17259
17287
17294
17295
17299
17304
17305
17314
17333
17349
17350
17356
17366
17369
17370
17388
17390
17392
17399
17400
17408
17413
17420
17424
17431
17433
17434
17443
17449
17453
17456
17457
17459
17460
17462
17463
17468
17472
17479
17484
17488
17498
17518
17532
17544
17550
17555
17565
17566
17596
17600
17611
17612
17614
17619
17633
17634
17651
17663
17668
17669
17671
17672
17673
17674
17678
17681
17684
17693
17694
17695
17697
17699
17709
17717
17724
17726
17727
17728
17734
17764
17766
17770
17794
17798
17817
17834
17841
17867
17886
17903
17911
17961
17977
17989
18064
18097
18105
18118
18132
18151
18160
18164
18166
18176
18193
18197
18201
18218
18220
18246
18256
18262
18274
18279
18280
18282
18284
18286
18332
18333
18335
18348
18349
18360
18369
18374
18384
18386
18388
18396
18408
18410
18422
18425
18427
18428
18446
18492
18503
18504
18508
18518
18522
18530
18536
18541
18576
18578
18579
18583
18593
18602
18622
18623
18636
18637
18639
18715
18723
18736
18737
18747
18753
18754
18776
18784
18787
18790
18793
18801
18805
18812
18831
18837
18862
18869
18873
18876
18878
18886
18888
18893
18898
18929
18938
18941
18945
18983
18984
18997
19000
19022
19026
19028
19040
19042
19052
19055
19061
19093
19094
19102
19104
19116
19117
19120
19122
19124
19145
19154
19182
19209
19210
19226
19253
19258
19290
19299
19301
19303
19315
19321
19325
19332
19335
19337
19354
19355
19359
19381
19397
19400
19401
19404
19409
19411
19416
19443
19445
19448
19463
19471
19477
19479
19480
19481
19494
19504
19514
19525
19541
19550
19556
19559
19561
19566
19568
19569
19570
19571
19573
19575
19580
19589
19594
19606
19612
19623
19682
19687
19701
19705
19764
19765
19766
19785
19796
19797
19863
19875
19876
19896
20026
20086
20100
20120
20169
20175
20183
20188
20206
20214
20258
20367
20371
20381
20400
20405
20406
20407
20408
20411
20415
20420
20422
20424
20426
20430
20439
20448
20457
20463
20466
20474
20475
20476
20478
20504
20505
20511
20515
20523
20528
20530
20532
20533
20539
20562
20566
20578
20580
20584
20592
20601
20602
20604
20609
20620
20635
20653
20671
20682
20691
20716
20734
20757
20786
20797
20801
20831
20836
20837
20841
20859
20863
20875
20883
20884
20929
20937
20958
20963
20966
20993
20994
20998
21000
21014
21017
21018
21022
21025
21029
21030
21038
21039
21042
21044
21048
21049
21053
21058
21062
21064
21065
21066
21071
21079
21080
21081
21083
21084
21087
21088
21091
21097
21110
21115
21117
21120
21144
21146
21147
21153
21156
21172
21182
21208
21213
21215
21218
21220
21228
21229
21232
21240
21258
21273
21278
21295
21296
21306
21328
21372
21379
21384
21385
21390
21411
21418
21454
21522
21527
21528
21545
21550
21551
21556
21561
21563
21568
21582
21583
21619
21628
21665
21674
21696
21699
21703
21719
21725
21728
21732
21736
21740
21748
21749
21750
21771
21785
21795
21797
21799
21827
21833
21849
21858
21860
21875
21876
21880
21883
21887
21891
21894
21897
21898
21910
21913
21951
21963
21982
21984
21994
22005
22009
22012
22015
22018
22022
22032
22081
22088
22094
22098
22107
22116
22118
22124
22129
22130
22131
22133
22134
22136
22143
22148
22149
22153
22157
22159
22175
22176
22191
22196
22210
22267
22269
22271
22277
22284
22294
22304
22310
22318
22323
22325
22335
22339
22340
22359
22363
22419
22424
22462
22479
22482
22525
22549
22553
22558
22568
22571
22589
22597
22608
22610
22611
22623
22624
22628
22630
22631
22634
22638
22640
22644
22649
22653
22654
22658
22664
22666
22674
22677
22678
22682
22683
22686
22696
22809
22823
22845
22919
22940
22958
22985
22986
22988
22993
22996
22998
23000
23008
23014
23019
23038
23042
23049
23050
23052
23055
23072
23083
23089
23090
23094
23096
23128
23131
23149
23151
23175
23184
23187
23189
23190
23196
23202
23215
23220
23221
23226
23254
23284
23302
23332
23386
23397
23429
23439
23444
23446
23457
23460
23475
23481
23499
23519
23549
23556
23559
23653
23663
23686
23693
23705
23729
23730
23769
23792
23803
23811
23813
23823
23827
23841
23844
23846
23850
23855
23859
23879
23889
23905
23911
23923
23930
23931
23944
23950
23958
23963
23970
23975
23980
23991
23996
24003
24026
24055
24075
24085
24096
24108
24109
24128
24137
24138
24143
24150
24162
24167
24168
24169
24170
24171
24174
24181
24183
24184
24186
24188
24195
24200
24201
24203
24204
24208
24213
24218
24226
24229
24248
24249
24252
24276
24314
24330
24331
24333
24336
24344
24353
24363
24405
24423
24435
24436
24442
24467
24468
24476
24478
24480
24495
24548
24570
24599
24604
24617
24622
24626
24632
24634
24645
24657
24661
24666
24697
24713
24715
24720
24723
24726
24747
24795
24812
24874
24877
24885
24887
24891
24947
24959
24980
25020
25027
25040
25063
25068
25069
25081
25082
25134
25136
25146
25152
25195
25201
25202
25208
25218
25221
25224
25238
25244
25247
25267
25276
25331
25354
25362
25370
25384
25396
25398
25404
25414
25502
25508
25567
25635
25643
25649
25651
25652
25670
25676
25698
25710
25734
25743
25773
25786
25793
25800
25811
25818
25845
25858
25868
25881
25888
25902
25925
25935
25953
25999
26005
26012
26019
26037
26065
26067
26068
26071
26079
26081
26084
26095
26097
26098
26114
26116
26119
26123
26125
26130
26136
26185
26225
26226
26253
26273
26279
26297
26316
26322
26323
26354
26358
26361
26366
26378
26392
26399
26417
26420
26421
26431
26432
26436
26437
26439
26443
26446
26449
26462
26471
26473
26493
26500
26514
26543
26545
26552
26559
26568
26597
26618
26619
26624
26712
26714
26717
26735
26740
26742
26743
26751
26753
26765
26775
26782
26791
26793
26802
26806
26813
26814
26816
26822
26826
26829
26837
26839
26847
26855
26859
26869
26874
26875
26876
26880
26899
26901
26908
26910
26912
26922
26941
26961
26971
26982
26994
27001
27006
27009
27013
27027
27030
27043
27048
27051
27052
27056
27064
27069
27070
27077
27081
27083
27085
27089
27097
27100
27102
27118
27119
27218
27234
27288
27360
27383
27391
27397
27415
27419
27444
27477
27483
27486
27488
27492
27502
27505
27511
27513
27529
27543
27544
27554
27562
27582
27585
27604
27606
27617
27628
27633
27639
27645
27648
27650
27654
27655
27657
27671
27676
27677
27678
27685
27692
27693
27703
27708
27711
27713
27718
27719
27721
27722
27724
27731
27743
27747
27753
27762
27778
27786
27799
27801
27807
27808
27812
27824
27830
27850
27851
27873
27882
27905
27916
27919
27941
27952
27954
27956
27971
27977
27990
28002
28021
28044
28052
28067
28193
28201
28208
28218
28222
28274
28277
28330
28335
28337
28367
28402
28409
28438
28467
28478
28525
28528
28533
28535
28546
28557
28582
28614
28651
28676
28720
28752
28754
28772
28782
28787
28794
28801
28808
28821
28828
28841
28842
28868
28872
28875
28879
28880
28883
28923
28936
28939
28940
28951
28965
28977
28978
28987
28990
29006
29017
29031
29037
29038
29039
29047
29069
29072
29087
29093
29097
29100
29105
29106
29110
29119
29132
29187
29191
29194
29213
29220
29240
29241
29259
29276
29279
29312
29328
29342
29356
29362
29370
29381
29382
29401
29416
29500
29617
29655
29661
29672
29681
29689
29694
29700
29702
29712
29714
29718
29725
29727
29728
29732
29739
29745
29759
29764
29766
29770
29771
29778
29779
29789
29792
29793
29794
29801
29805
29810
29818
29824
29845
29850
29858
29879
29880
29885
29890
29911
29924
29937
29938
29941
29948
29949
29956
29967
29968
29972
30014
30023
30025
30029
30046
30049
30057
30063
30064
30066
30073
30087
30095
30101
30113
30118
30128
30134
30136
30138
30140
30145
30147
30148
30155
30162
30167
30172
30178
30183
30184
30190
30232
30248
30269
30287
30296
30297
30301
30308
30333
30340
30363
30372
30375
30377
30384
30395
30398
30402
30411
30423
30426
30438
30452
30462
30466
30471
30475
30481
30485
30487
30500
30501
30502
30506
30512
30531
30543
30546
30557
30563
30595
30606
30622
30623
30630
30636
30640
30644
30647
30654
30661
30702
30706
30711
30717
30719
30768
30772
30779
30792
30797
30808
30823
30824
30844
30853
30859
30881
30896
30946
30951
30977
30982
30991
31004
31006
31017
31020
31031
31057
31082
31088
31096
31112
31116
31118
31123
31216
31218
31223
31227
31232
31242
31254
31256
31263
31312
31375
31388
31459
31462
31468
31472
31474
31477
31481
31483
31491
31494
31525
31540
31553
31557
31560
31563
31564
31574
31584
31588
31590
31591
31596
31610
31626
31631
31636
31639
31644
31650
31651
31665
31683
31692
31696
31703
31708
31711
31734
31747
31749
31753
31761
31762
31764
31767
31768
31776
31777
31782
31785
31790
31802
31805
31845
31863
31868
31882
31886
31891
31944
31945
31952
31955
31968
31970
31986
32000
32027
32045
32065
32067
32089
32101
32119
32148
32153
32156
32158
32163
32165
32184
32185
32189
32190
32283
32290
32293
32300
32305
32316
32317
32322
32324
32331
32334
32337
32342
32343
32354
32359
32363
32371
32394
32412
32471
32513
32516
32521
32524
32542
32582
32583
32589
32602
32617
32629
32636
32648
32664
32666
32686
32690
32692
32761
32768
32772
32799
32806
32808
32817
32824
32830
32831
32843
32864
32867
32869
32871
32894
32899
32938
32966
33076
33084
33094
33099
33109
33133
33150
33171
33186
33197
33198
33216
33224
33225
33277
33298
33345
33349
33353
33431
33432
33493
33499
33507
33537
33539
33547
33550
33564
33568
33575
33583
33606
33631
33633
33637
33645
33648
33649
33655
33661
33667
33671
33679
33694
33728
33771
33777
33790
33791
33793
33797
33822
33824
33841
33842
33847
33862
33864
33872
33876
33885
33888
33899
33904
33905
33910
33915
33925
33934
33939
33949
33956
33958
33969
33986
33988
33995
33996
33998
34002
34003
34008
34010
34014
34022
34027
34030
34063
34073
34085
34091
34095
34103
34112
34114
34115
34116
34117
34118
34128
34131
34133
34141
34143
34145
34152
34155
34192
34198
34199
34201
34208
34220
34222
34225
34232
34251
34269
34297
34302
34338
34344
34354
34371
34437
34488
34489
34491
34504
34506
34507
34510
34521
34526
34533
34548
34556
34563
34565
34575
34582
34586
34603
34610
34643
34658
34659
34662
34670
34683
34690
34716
34719
34761
34775
34787
34791
34811
34818
34828
34830
34831
34842
34844
34853
34854
34873
34875
34885
34902
34914
34917
34931
34943
34962
34975
34986
35006
35022
35025
35029
35031
35051
35059
35063
35084
35093
35095
35099
35114
35126
35132
35155
35166
35170
35184
35191
35198
35201
35261
35264
35266
35279
35304
35326
35361
35372
35376
35379
35384
35390
35398
35404
35406
35420
35440
35461
35482
35509
35514
35524
35527
35534
35560
35566
35573
35586
35596
35599
35636
35664
35674
35692
35695
35744
35749
35759
35776
35782
35803
35805
35812
35820
35821
35827
35829
35830
35831
35834
35836
35842
35855
35861
35865
35875
35880
35886
35894
35902
35919
35921
35927
35930
35950
35951
35954
35956
35957
35959
35962
35979
36030
36047
36050
36071
36074
36086
36098
36105
36107
36111
36114
36119
36127
36135
36141
36208
36212
36227
36234
36241
36249
36254
36292
36296
36302
36305
36311
36316
36319
36322
36325
36328
36329
36330
36337
36338
36340
36346
36349
36362
36366
36370
36371
36372
36375
36378
36384
36388
36391
36400
36411
36427
36439
36442
36470
36473
36476
36477
36479
36482
36485
36487
36490
36494
36498
36500
36505
36516
36545
36549
36561
36576
36580
36585
36594
36600
36607
36619
36623
36625
36631
36633
36658
36666
36699
36709
36728
36733
36741
36742
36744
36771
36778
36785
36787
36789
36796
36798
36803
36807
36809
36810
36813
36820
36829
36831
36835
36838
36841
36846
36849
36853
36854
36857
36862
36871
36908
36910
36913
36921
36922
36953
36955
36958
37011
37034
37056
37096
37112
37115
37123
37134
37160
37189
37200
37254
37313
37317
37318
37348
37359
37366
37373
37375
37379
37384
37385
37403
37406
37407
37417
37424
37455
37458
37469
37488
37546
37547
37551
37646
37663
37696
37698
37708
37733
37742
37748
37798
37804
37818
37821
37824
37852
37893
37895
37896
37897
37899
37900
37909
37911
37912
37914
37915
37918
37919
37920
37921
37925
37927
37935
37942
37946
37947
37951
37956
37957
37963
37966
37968
37970
37978
37988
37989
37998
38022
38037
38051
38055
38056
38059
38061
38065
38066
38073
38077
38081
38082
38090
38094
38097
38104
38107
38112
38123
38126
38136
38151
38170
38177
38187
38193
38194
38205
38214
38224
38225
38231
38239
38254
38257
38260
38263
38265
38268
38279
38323
38343
38350
38373
38402
38411
38412
38421
38428
38441
38443
38446
38454
38472
38475
38476
38483
38488
38498
38508
38520
38522
38523
38531
38552
38559
38571
38576
38585
38589
38592
38605
38617
38619
38633
38638
38646
38648
38667
38684
38689
38690
38693
38696
38697
38700
38707
38708
38732
38734
38747
38757
38766
38769
38775
38787
38788
38789
38792
38796
38797
38801
38810
38822
38825
38918
39042
39116
39129
39135
39156
39175
39261
39278
39290
39340
39341
39345
39357
39363
39368
39369
39386
39395
39420
39435
39459
39464
39488
39505
39510
39517
39525
39534
39546
39548
39555
39556
39615
39643
39649
39728
39733
39753
39777
39797
39805
39819
39823
39826
39850
39872
39879
39883
39884
39889
39915
39917
39920
39927
39929
39932
39936
39943
39947
39969
39971
39979
39985
39992
39995
40001
40008
40009
40031
40042
40045
40047
40061
40066
40071
40079
40082
40086
40091
40095
40096
40097
40100
40103
40106
40108
40117
40132
40135
40150
40170
40186
40189
40198
40201
40204
40205
40208
40213
40215
40224
40239
40243
40247
40255
40291
40294
40311
40320
40322
40323
40329
40331
40332
40335
40358
40394
40402
40416
40419
40421
40444
40454
40456
40465
40466
40468
40480
40488
40495
40499
40504
40505
40507
40520
40521
40527
40529
40532
40534
40537
40546
40557
40563
40572
40599
40601
40602
40607
40610
40625
40626
40682
40689
40698
40700
40708
40713
40716
40721
40725
40727
40731
40737
40740
40744
40746
40752
40760
40762
40785
40800
40803
40806
40813
40818
40839
40865
40867
40878
40880
40883
40884
40891
40898
40915
40922
40926
40927
40931
40934
40936
40937
40938
40941
40947
40951
40956
40958
40959
40964
40974
40980
40985
40987
40998
41002
41022
41029
41030
41198
41279
41297
41299
41302
41435
41454
41465
41482
41487
41495
41506
41524
41529
41537
41543
41545
41550
41570
41577
41594
41597
41598
41599
41620
41622
41639
41640
41646
41739
41741
41767
41796
41830
41912
41983
41984
41989
41990
41996
42007
42012
42016
42057
42066
42076
42082
42086
42093
42096
42104
42135
42143
42145
42149
42158
42162
42173
42227
42232
42233
42234
42238
42245
42288
42312
42317
42326
42329
42334
42335
42341
42351
42358
42361
42365
42389
42406
42415
42423
42429
42436
42444
42460
42476
42486
42535
42567
42587
42598
42599
42601
42602
42604
42605
42608
42611
42612
42634
42635
42640
42662
42677
42679
42708
42719
42721
42734
42794
42799
42805
42811
42825
42826
42829
42830
42842
42845
42863
42885
42893
42951
42957
42961
42962
42972
42996
43022
43027
43068
43074
43125
43140
43150
43155
43168
43206
43213
43214
43222
43234
43266
43285
43292
43294
43297
43311
43318
43365
43374
43375
43427
43437
43457
43458
43468
43481
43488
43491
43500
43501
43503
43507
43510
43512
43513
43515
43516
43518
43530
43535
43537
43544
43548
43559
43560
43562
43627
43652
43668
43682
43786
43793
43795
43799
43813
43816
43838
43839
43852
43873
43883
43884
43891
43901
43905
43916
43927
43930
43937
43978
43981
43995
43998
44021
44028
44059
44068
44075
44079
44100
44112
44126
44131
44146
44152
44155
44170
44172
44175
44178
44184
44191
44194
44216
44242
44250
44255
44269
44271
44272
44278
44282
44297
44303
44307
44309
44311
44316
44321
44328
44329
44332
44340
44350
44352
44359
44361
44368
44370
44374
44379
44380
44389
44392
44394
44396
44400
44403
44406
44407
44409
44422
44425
44440
44461
44464
44474
44499
44502
44508
44525
44531
44535
44540
44550
44552
44555
44566
44575
44576
44584
44593
44603
44606
44609
44613
44614
44615
44616
44617
44620
44621
44624
44625
44647
44655
44675
44711
44729
44740
44747
44748
44749
44806
44825
44828
44859
44870
44871
44891
44892
44926
44949
44960
44988
45004
45011
45019
45044
45065
45073
45105
45121
45126
45135
45151
45201
45204
45232
45234
45282
45373
45472
45486
45487
45504
45631
45633
45649
45652
45664
45671
45679
45693
45701
45703
45705
45707
45711
45713
45715
45716
45717
45718
45720
45726
45730
45732
45736
45739
45741
45746
45747
45748
45750
45751
45765
45768
45775
45798
45813
45814
45815
45819
45821
45822
45825
45828
45832
45837
45840
45841
45844
45845
45846
45851
45855
45858
45860
45880
45885
45891
45896
45908
45910
45918
45920
45923
45928
45932
45939
45949
45950
45961
45971
45979
45995
45998
46079
46081
46089
46098
46106
46112
46116
46134
46146
46158
46180
46189
46231
46253
46272
46295
46297
46299
46302
46307
46310
46321
46325
46333
46344
46353
46358
46369
46374
46375
46386
46390
46398
46401
46403
46404
46409
46411
46416
46420
46440
46443
46451
46465
46487
46488
46501
46509
46538
46543
46581
46613
46640
46641
46672
46687
46688
46690
46691
46692
46693
46694
46698
46699
46700
46701
46702
46708
46718
46721
46722
46725
46728
46734
46737
46738
46742
46744
46745
46748
46756
46762
46774
46779
46784
46793
46794
46799
46802
46811
46826
46846
46854
46858
46859
46860
46873
46876
46877
46880
46897
46902
46908
46913
46933
46934
46936
46942
46953
46973
46982
46984
46996
47020
47081
47082
47084
47153
47171
47195
47204
47208
47237
47265
47282
47293
47299
47307
47341
47376
47388
47390
47392
47394
47401
47406
47408
47409
47413
47414
47417
47425
47433
47443
47454
47469
47527
47538
47547
47549
47566
47567
47568
47572
47580
47604
47608
47619
47632
47661
47662
47677
47682
47699
47706
47721
47728
47733
47734
47735
47737
47744
47749
47756
47758
47760
47761
47768
47770
47771
47772
47784
47794
47796
47812
47813
47822
47845
47848
47854
47863
47873
47884
47891
47899
47916
47924
47925
47926
47928
47930
47935
47940
47942
47944
47952
47971
47976
47983
47991
47997
48004
48014
48019
48025
48027
48032
48034
48036
48041
48042
48043
48044
48046
48047
48051
48052
48063
48065
48066
48081
48087
48090
48091
48093
48095
48121
48142
48147
48163
48178
48185
48191
48203
48214
48215
48217
48220
48223
48227
48233
48235
48240
48242
48254
48258
48260
48262
48272
48276
48280
48281
48290
48297
48298
48329
48337
48351
48352
48358
48367
48371
48380
48383
48391
48392
48393
48396
48397
48399
48401
48407
48408
48410
48424
48433
48435
48440
48445
48447
48448
48452
48456
48505
48551
48560
48562
48573
48588
48662
48663
48678
48689
48695
48721
48723
48734
48735
48766
48782
48793
48810
48843
48845
48853
48892
48906
48914
48920
48929
48937
48939
48949
48970
48994
48997
49000
49004
49020
49041
49068
49070
49075
49118
49146
49162
49182
49184
49199
49255
49358
49360
49391
49446
49522
49560
49567
49568
49609
49680
49686
49746
49756
49921
49952
49953
50006
50007
50008
50027
50075
50130
50134
50152
50153
50169
50201
50242
50257
50267
50278
50461
50480
50507
50532
50549
50551
50556
50570
50596
50607
50608
50612
50642
50653
50658
50660
50678
50723
50765
50877
50914
50927
50928
50943
50964
50970
50988
